10
10 10
1 1
10
1 2
1 3
4 5
2 5
3 7
4 8
7 9
4 6
5 6
3 7
10 10
1 1
10
1 2
1 3
4 5
2 5
3 7
4 8
7 9
4 6
5 6
3 7
10 10
1 1
10
1 2
1 3
4 5
2 5
3 7
4 8
7 9
4 6
5 6
3 7
10 10
1 1
10
1 2
1 3
4 5
2 5
3 7
4 8
7 9
4 6
5 6
3 7
10 10
1 1
10
1 2
1 3
4 5
2 5
3 7
4 8
7 9
4 6
5 6
3 7
10 10
1 1
10
1 2
1 3
4 5
2 5
3 7
4 8
7 9
4 6
5 6
3 7
10 10
1 1
10
1 2
1 3
4 5
2 5
3 7
4 8
7 9
4 6
5 6
3 7
10 10
1 1
10
1 2
1 3
4 5
2 5
3 7
4 8
7 9
4 6
5 6
3 7
10 10
1 1
10
1 2
1 3
4 5
2 5
3 7
4 8
7 9
4 6
5 6
3 7
10 10
1 1
10
1 2
1 3
4 5
2 5
3 7
4 8
7 9
4 6
5 6
3 7